"Name","E-Mail","ID"
"Lillian","placerat.eget.venenatis@temporloremeget.org",1
"Yoshio","quam@Crasdolordolor.edu",2
"Philip","metus.In.lorem@vel.org",3